,PRECIO_UNITARIO,COSTO_UNITARIO,COSTO_UNITARIO_CALCULADO,SUBTOTAL_PARTIDA,COSTO_TOTAL_CALCULADO,MARGEN_UNITARIO_CALCULADO
10,1615.0,517.89,517.89,1615.0,517.89,1097.11
11,1615.0,0.0,586.32,1615.0,586.32,1028.68
12,1615.0,0.0,586.32,1615.0,586.32,1028.68
13,1485.25,0.0,86.22,1485.25,86.22,1399.03
14,2095.25,0.0,742.05,2095.25,742.05,1353.2
15,192.5,51.73,149.6,481.25,397.08,42.9
16,771.28,124.0,124.0,1542.56,248.0,647.28
17,125.0,0.0,141.9,375.0,425.69,-16.9
18,821.3,0.0,78.7,4106.5,393.48,742.6
19,821.3,0.0,75.77,5749.1,530.41,745.53
20,496.35,27.43,27.43,1489.05,82.29,468.92
21,938.53,147.76,147.76,2815.59,443.27,790.77
22,718.52,259.35,259.35,718.52,259.35,459.17
23,898.25,332.65,332.65,898.25,332.65,565.6
24,1500.0,0.36,0.36,3000.0,0.72,1499.64
25,1848.0,1081.89,1081.89,5544.0,3245.66,766.11
26,485.0,124.0,124.0,2425.0,620.0,361.0
27,375.0,44.14,44.14,2250.0,264.83,330.86
28,2005.46,489.39,489.39,4010.92,978.77,1516.07
29,1299.32,305.44,305.44,38979.6,9163.18,993.88
30,856.04,295.24,295.24,5136.22,1771.42,560.8
31,1299.32,305.44,305.44,38979.6,9163.18,993.88
32,601.23,178.6,178.6,601.23,178.6,422.63
33,150.5,68.95,68.95,1505.0,689.45,81.56
34,215.96,78.32,78.32,2159.6,783.24,137.64
35,382.1,5.76,5.76,382.1,5.76,376.34
36,485.23,45.01,45.01,485.23,45.01,440.22
37,945.0,289.05,289.05,945.0,289.05,655.95
38,259.6,64.85,64.85,10384.0,2594.17,194.75
39,938.53,0.0,161.73,938.53,161.73,776.8
40,12720.0,0.0,1509.14,38160.0,4527.42,11210.86
41,619.21,101.71,101.71,5572.89,915.42,517.5
42,505.08,0.0,81.91,5050.8,819.14,423.17
43,1328.0,0.0,497.54,10624.0,3980.31,830.46
44,599.05,0.0,98.76,1198.1,197.51,500.3
45,803.0,140.29,140.29,803.0,140.29,662.71
46,785.25,181.88,181.88,1570.5,363.75,603.38
47,615.85,249.89,249.89,1231.7,499.77,365.96
48,385.2,48.56,48.56,1540.8,194.24,336.64
49,2150.0,0.0,195.26,2150.0,195.26,1954.74
50,531.0,85.29,85.29,2655.0,426.47,445.71
51,385.0,220.0,220.0,385.0,220.0,165.0
52,500.0,211.36,211.36,500.0,211.36,288.64
53,835.5,242.48,242.48,1671.0,484.95,593.02
54,895.5,235.56,235.56,1791.0,471.13,659.94
55,1264.25,0.0,319.8,1264.25,319.8,944.45
56,1264.25,0.0,313.8,1264.25,313.8,950.45
57,605.0,44.7,44.7,2420.0,178.8,560.3
58,337.7,4.02,4.02,337.7,4.02,333.68
59,558.14,69.23,69.23,1116.28,138.46,488.91
60,558.14,69.23,69.23,1116.28,138.46,488.91
61,1412.0,556.14,556.14,4236.0,1668.42,855.86
62,1188.0,447.68,447.68,3564.0,1343.05,740.32
63,663.0,95.82,95.82,3978.0,574.91,567.18
64,495.8,158.4,158.4,991.6,316.8,337.4
65,2177.5,272.65,272.65,17420.0,2181.22,1904.85
66,505.23,161.63,161.63,1010.46,323.25,343.6
67,985.1,105.68,105.68,3940.4,422.72,879.42
68,2644.28,0.0,795.74,10577.12,3182.95,1848.54
69,522.0,51.38,51.38,1044.0,102.76,470.62
70,255.01,291.72,291.72,255.01,291.72,-36.71
71,551.25,0.0,240.87,5512.5,2408.67,310.38
72,364.55,52.48,52.48,364.55,52.48,312.07
73,662.0,139.82,139.82,662.0,139.82,522.18
74,1475.3,275.5,275.5,44259.0,8264.95,1199.8
75,999.91,200.3,200.3,2999.72,600.9,799.61
76,1450.0,372.67,372.67,14500.0,3726.73,1077.33
77,1450.0,360.5,360.5,8700.0,2162.98,1089.5
78,1450.0,337.97,337.97,8700.0,2027.79,1112.03
79,415.0,113.47,113.47,3320.0,907.73,301.53
80,272.0,77.13,77.13,2720.0,771.29,194.87
81,1025.87,0.0,115.58,2051.74,231.15,910.29
82,1587.25,0.0,165.19,3174.5,330.39,1422.06
83,2985.36,0.0,385.71,5970.72,771.42,2599.65
84,566.64,85.89,85.89,566.64,85.89,480.75
85,431.5,95.96,95.96,5178.0,1151.56,335.54
86,528.3,131.65,131.65,6339.6,1579.75,396.65
87,1880.28,0.0,292.75,1880.28,292.75,1587.53
88,150.0,71.25,71.25,3000.0,1425.02,78.75
89,98.0,38.96,38.96,98.0,38.96,59.04
90,830.25,363.33,363.33,2490.75,1090.0,466.92
91,473.28,27.08,27.08,473.28,27.08,446.2
92,1659.6,436.54,436.54,1659.6,436.54,1223.06
93,107.76,38.96,38.96,107.76,38.96,68.8
94,499.0,113.22,113.22,499.0,113.22,385.78
95,900.0,0.0,247.52,2700.0,742.57,652.48
96,1189.0,0.0,160.03,3567.0,480.08,1028.97
97,1435.0,0.0,369.59,4305.0,1108.78,1065.41
98,495.0,0.0,67.42,990.0,134.84,427.58
99,125.0,71.25,71.25,125.0,71.25,53.75
